16 8 2 12 21 14 12 5 23 19 14 2 17 17 9 25 5 5 19 7 21
NA NA NA 24 NA 16 5 10 8 15 16 11 18 12 17 1 3 15 25 13 18
NA 24 NA 2 NA 5 23 18 NA NA NA NA 14 24 21 20 15 22 19 5 14
NA NA NA NA NA NA NA NA NA 11 21 NA NA 17 9 17 24 20 6 6 14
25 25 24 20 NA 15 12 23 14 2 13 6 21 24 18 12 7 12 9 7 25
4 12 NA NA NA 22 NA NA NA 6 NA NA NA NA 22 14 7 18 9 18 19
15 25 22 6 2 22 7 7 9 17 12 9 18 12 18 7 14 7 7 4 21
3 24 11 15 15 12 18 13 19 24 22 23 24 6 6 4 18 5 23 4 25
23 20 7 9 10 7 8 16 18 6 14 16 1 24 7 21 18 2 24 2 16
21 23 1 1 9 19 14 18 11 12 25 18 22 25 6 12 23 14 4 5 18
11 12 9 8 22 4 7 20 11 25 10 8 2 21 18 11 6 11 18 15 10
18 13 22 20 15 8 1 2 11 20 8 13 5 9 20 15 2 25 11 21 25
13 18 10 18 21 19 17 13 11 17 16 1 17 13 6 13 17 3 19 14 23
23 19 5 6 25 21 3 25 3 1 5 19 5 7 16 6 13 3 13 6 2
4 18 16 20 13 12 4 10 9 15 3 15 12 3 14 24 8 15 3 24 19
24 25 15 14 16 16 24 6 17 5 19 15 8 5 17 13 10 17 25 24 2
8 19 22 12 8 17 9 7 4 18 19 24 18 25 17 12 15 12 23 17 25
7 16 1 10 12 3 7 21 5 10 21 17 11 20 8 24 4 7 10 17 14
19 25 23 14 22 22 4 15 13 10 3 24 15 5 21 2 12 7 7 1 22
23 12 15 17 10 10 15 18 19 24 6 18 21 12 13 7 4 1 18 17 16
1 25 1 2 11 3 7 2 20 4 14 5 24 17 23 4 5 21 19 10 21
8 16 5 20 19 16 21 9 1 12 14 13 1 12 3 5 17 2 17 6 11
1 9 15 23 6 21 19 2 12 4 21 2 18 19 19 16 17 3 17 24 1
23 18 22 12 17 12 6 25 23 18 4 15 4 21 22 8 12 9 12 1 14
4 24 6 7 10 21 13 18 2 8 15 14 8 22 14 7 24 17 2 1 20
12 8 1 18 24 11 9 14 21 6 18 7 8 21 18 7 4 10 12 24 15
17 17 14 18 4 9 1 7 10 15 5 24 3 19 11 15 20 24 22 1 11
7 8 23 24 11 5 6 5 23 23 1 19 23 3 15 18 11 11 22 24 17
12 10 25 21 22 19 21 10 23 19 10 7 6 20 4 1 14 10 2 17 9
18 23 13 5 2 23 8 21 15 4 6 17 6 3 17 16 17 17 2 11 8
18 20 18 15 17 14 17 1 17 12 8 3 10 25 16 14 7 12 8 10 14
3 7 22 20 11 14 19 19 12 20 10 22 8 9 15 7 19 14 15 25 8
8 17 4 17 11 8 24 24 6 7 21 16 11 9 15 4 2 6 20 24 24
12 19 15 21 11 3 25 14 9 22 13 4 10 12 21 16 17 24 24 11 25
4 16 19 18 3 20 1 1 22 8 13 24 20 6 15 5 5 15 24 2 22
21 11 15 6 17 5 4 10 17 11 5 20 12 11 12 21 9 17 5 21 10
22 24 13 20 2 11 25 19 9 24 5 23 6 9 21 18 16 8 19 20 3
19 21 16 7 2 10 14 3 2 13 3 22 1 6 14 6 13 18 18 8 21
24 22 24 19 15 17 19 20 6 22 22 15 7 16 17 19 9 6 20 18 19
20 11 12 16 23 10 7 7 17 7 10 3 20 21 21 2 21 11 14 13 8
5 11 15 22 2 18 16 13 8 9 14 23 17 11 8 2 1 1 1 8 13
17 23 14 16 14 25 5 2 11 22 4 20 17 20 3 10 21 23 17 6 12
5 18 7 9 18 16 20 19 19 9 8 17 25 22 24 6 17 18 23 20 19
13 13 5 1 3 8 2 25 25 7 16 2 11 3 15 11 15 25 20 18 16
22 23 11 16 13 4 23 3 11 12 25 8 7 14 17 5 13 4 18 12 24
23 24 16 3 15 5 7 10 21 24 25 14 25 22 25 11 2 12 7 17 18
2 19 11 13 14 7 1 19 2 5 11 22 4 15 10 6 22 13 24 9 20
2 10 11 2 14 24 15 2 4 4 20 18 1 21 8 18 14 19 21 4 10
11 19 11 11 14 25 7 8 23 2 12 9 17 5 4 3 16 13 3 14 11
20 3 19 10 2 16 6 18 24 24 24 14 10 16 9 2 13 17 21 14 7
23 17 20 1 4 1 7 15 2 2 10 2 10 21 18 8 19 19 21 6 17
14 21 20 9 4 17 14 13 3 17 5 17 14 15 6 1 13 4 5 13 8
13 10 10 23 21 9 8 13 14 12 18 23 13 14 12 13 23 3 10 12 4
4 10 16 16 2 23 1 24 23 4 11 10 25 24 17 21 24 12 15 3 8
1 1 5 3 19 9 24 22 9 11 6 3 8 8 14 24 20 9 4 24 20
11 17 10 23 13 12 10 12 11 3 5 11 3 15 18 5 9 14 19 25 15
14 17 8 8 6 19 15 5 18 3 22 3 23 22 5 1 16 13 5 9 6
22 20 15 5 13 11 13 4 23 22 20 13 25 16 1 5 22 13 5 19 7
7 8 7 17 14 24 3 13 21 11 5 4 22 12 1 20 16 8 18 20 10
3 4 9 20 23 12 21 25 2 24 25 11 10 1 11 2 23 16 21 21 17
17 12 21 23 10 6 19 17 12 20 14 16 2 25 1 22 8 25 14 12 9
3 4 25 25 12 15 6 12 10 6 6 19 7 15 18 8 9 15 12 9 22
